0.327708 0.454451 
0.482131 0.842799 
0.927244 0.182134 
0.370769 0.010712 
0.775475 0.0206305 
0.387219 0.320292 
0.904569 0.0556658 
0.228156 0.320841 
0.248939 0.236305 
0.288858 0.598346 
0.23484 0.231697 
0.218757 0.734428 
0.0279244 0.312906 
0.400342 0.494095 
0.0954314 0.291604 
0.258522 0.523026 
0.239021 0.0464797 
0.806146 0.3361 
0.75457 0.668966 
0.33195 0.877895 
0.875118 0.759117 
0.637745 0.436934 
0.153386 0.903409 
0.730216 0.1948 
0.93997 0.86523 
0.374401 0.190832 
0.613208 0.519547 
0.414563 0.984588 
0.717765 0.0630818 
0.26896 0.796381 
0.667226 0.530961 
0.504654 0.407971 
0.167577 0.15125 
0.898618 0.604053 
0.0177313 0.568926 
0.891598 0.435926 
0.443007 0.469802 
0.840602 0.088992 
0.618213 0.636464 
0.976531 0.634754 
0.536546 0.966918 
0.473159 0.448744 
0.880184 0.487259 
0.533677 0.576189 
0.0492874 0.890164 
0.901151 0.825648 
0.00534074 0.629414 
0.698752 0.872707 
0.0852992 0.102939 
0.00686666 0.154668 
0.44261 0.954527 
0.0821863 0.837519 
0.271371 0.0260323 
0.625996 0.636158 
0.470107 0.991516 
0.00738548 0.769829 
0.901242 0.203742 
0.848079 0.833216 
0.902249 0.785455 
0.874203 0.864956 
0.205359 0.495468 
0.442579 0.394604 
0.921628 0.401715 
0.646809 0.749504 
0.745415 0.892117 
0.409497 0.402326 
0.036256 0.0545366 
0.467421 0.641438 
0.933714 0.957396 
0.655263 0.344218 
0.161473 0.861293 
0.394391 0.135441 
0.677816 0.894375 
0.793359 0.711692 
0.827052 0.221046 
0.265419 0.612812 
0.15009 0.236732 
0.0702841 0.222297 
0.509018 0.818781 
0.685934 0.276833 
0.682241 0.16538 
0.416303 0.667531 
0.0869778 0.253975 
0.142308 0.81283 
0.784722 0.449568 
0.621021 0.385327 
0.426008 0.2949 
0.240242 0.673238 
0.29133 0.0135502 
0.634449 0.357799 
0.0835597 0.757164 
0.0679647 0.988037 
0.628895 0.127873 
0.992615 0.933927 
0.14182 0.00778222 
0.68453 0.0995514 
0.211524 0.225806 
0.368328 0.177068 
0.164373 0.0941191 
0.733055 0.722983 
0.960417 0.344707 
0.247169 0.837855 
0.278512 0.497696 
0.179022 0.731162 
0.948119 0.192511 
0.728019 0.951567 
0.382061 0.513169 
0.173711 0.56502 
0.168279 0.839076 
0.448897 0.060976 
0.47557 0.252235 
0.0422681 0.268685 
0.430158 0.0325938 
0.637928 0.0640584 
0.119297 0.272439 
0.397076 0.14948 
0.378002 0.141026 
0.288858 0.686422 
0.0151677 0.831233 
0.375988 0.0632649 
0.63567 0.718528 
0.46202 0.579119 
0.713919 0.764733 
0.00573748 0.324503 
0.0762047 0.696707 
0.710044 0.041261 
0.447035 0.991791 
0.690115 0.241432 
0.216346 0.201209 
0.628651 0.367779 
0.0838038 0.642689 
0.823176 0.276193 
0.736015 0.993133 
0.532426 0.821894 
0.213385 0.813288 
0.527696 0.830073 
0.122806 0.535203 
0.255623 0.232856 
0.351878 0.943724 
0.518387 0.653493 
0.441755 0.683432 
0.0779443 0.218726 
0.274178 0.822413 
0.0901212 0.881405 
0.229499 0.00341807 
0.775292 0.0337535 
0.471206 0.214911 
0.231269 0.693228 
0.514145 0.711753 
0.795526 0.0413526 
0.731834 0.117985 
0.861934 0.598132 
0.959624 0.242409 
0.559313 0.811548 
0.84991 0.638264 
0.197241 0.345134 
0.135228 0.438215 
0.885922 0.843623 
0.456343 0.496261 
0.235786 0.458296 
0.910276 0.367168 
0.543901 0.913877 
0.976135 0.15537 
0.3726 0.396863 
0.973418 0.76397 
0.927 0.0482498 
0.710318 0.57564 
0.137669 0.340373 
0.477371 0.0962554 
0.854732 0.120029 
0.0431227 0.59273 
0.0591754 0.598926 
0.808344 0.256172 
0.498428 0.0723899 
0.77398 0.921842 
0.651723 0.648213 
0.480605 0.876705 
0.431867 0.766106 
0.574358 0.786554 
0.529618 0.789727 
0.156041 0.273049 
0.807001 0.452162 
0.570055 0.172796 
0.645253 0.435987 
0.788598 0.009064 
0.654836 0.869594 
0.0480972 0.707785 
0.652272 0.0205695 
0.893887 0.0887478 
0.311258 0.967895 
0.288888 0.163793 
0.393841 0.533372 
0.943693 0.772485 
0.967681 0.254769 
0.522965 0.587207 
0.516099 0.680654 
0.885525 0.0185247 
0.346873 0.768944 
0.0133671 0.0523087 
0.206214 0.670339 
0.787103 0.549486 
0.50383 0.677572 
0.26249 0.0402844 
0.0558184 0.622059 
0.605976 0.543626 
0.751396 0.499008 
0.344066 0.443098 
0.0492874 0.602313 
0.0838954 0.951262 
0.711203 0.950499 
0.360332 0.192358 
0.676962 0.284707 
0.766564 0.436232 
0.489303 0.420728 
0.0239875 0.51323 
0.173284 0.235054 
0.147954 0.942381 
0.977142 0.0676595 
0.365246 0.80343 
0.88052 0.821558 
0.940001 0.884671 
0.277078 0.541032 
0.563829 0.136967 
0.736534 0.749809 
0.466964 0.965972 
0.253456 0.329966 
0.906034 0.393262 
0.888424 0.223273 
0.185186 0.618183 
0.208136 0.735893 
0.866787 0.0108951 
0.430586 0.728111 
0.327433 0.0687277 
0.681448 0.469863 
0.316568 0.366527 
0.268136 0.443525 
0.672536 0.032075 
0.377819 0.875454 
0.853664 0.778832 
0.105167 0.276894 
0.439772 0.0258797 
0.216773 0.776391 
0.260842 0.137455 
0.55797 0.523881 
0.308603 0.312662 
0.508499 0.949034 
0.0878018 0.156865 
0.393292 0.153569 
0.563128 0.466048 
0.254677 0.220252 
0.357921 0.255226 
0.891812 0.718741 
0.361461 0.562273 
0.574389 0.190008 
0.400281 0.0583514 
0.336131 0.890866 
0.130497 0.99649 
0.254738 0.578936 
0.806909 0.528672 
0.624317 0.620411 
0.0853298 0.924253 
0.42674 0.201025 
0.514573 0.718986 
0.00802637 0.921903 
0.873806 0.32786 
0.36607 0.561388 
0.0119938 0.151433 
0.95587 0.284097 
0.345897 0.707907 
0.418744 0.0787378 
0.671804 0.821558 
0.141575 0.705222 
0.448592 0.399457 
0.0521561 0.933256 
0.207495 0.82693 
0.557451 0.352916 
0.245094 0.513657 
0.0305185 0.539018 
0.255654 0.621296 
0.752556 0.849727 
0.0594501 0.504013 
0.716025 0.641835 
0.0827662 0.893307 
0.195868 0.182867 
0.746208 0.357891 
0.494186 0.0418104 
0.417432 0.0705588 
0.764916 0.239723 
0.0846889 0.412824 
0.325083 0.941099 
0.40727 0.448469 
0.358592 0.967803 
0.298868 0.797998 
0.418744 0.916349 
0.70098 0.944121 
0.635853 0.159917 
0.701498 0.500626 
0.0362255 0.516587 
0.655446 0.475173 
0.87875 0.864467 
0.464003 0.0573748 
0.415204 0.485794 
0.667714 0.963897 
0.980804 0.420423 
0.510788 0.870785 
0.820826 0.610523 
0.631977 0.96585 
0.560198 0.117557 
0.538865 0.150517 
0.721519 0.192602 
0.521653 0.92407 
0.198248 0.481674 
0.162389 0.480056 
0.0896329 0.146794 
0.096469 0.0477004 
0.802545 0.184606 
0.182104 0.00784326 
0.82754 0.72338 
0.734397 0.816156 
0.0950957 0.579577 
0.97998 0.263833 
0.317972 0.855892 
0.388714 0.107761 
0.22599 0.86111 
0.0386059 0.600818 
0.100131 0.133732 
0.670095 0.953917 
0.511307 0.850398 
0.585986 0.260903 
0.670461 0.399915 
0.0535295 0.917783 
0.296579 0.405316 
0.364666 0.0668966 
0.408185 0.973601 
0.210486 0.0983306 
0.945067 0.455733 
0.526719 0.738701 
0.626301 0.497696 
0.465835 0.75927 
0.950957 0.663503 
0.652852 0.834651 
0.747368 0.411817 
0.379925 0.582751 
0.17774 0.707663 
0.897305 0.318033 
0.604114 0.0496231 
0.455611 0.54854 
0.221503 0.194708 
0.257057 0.748497 
0.865413 0.361614 
0.970305 0.437666 
0.899045 0.19364 
0.966674 0.0983306 
0.586932 0.262795 
0.932951 0.961608 
0.861293 0.396039 
0.0175176 0.194006 
0.88699 0.605243 
0.166051 0.515915 
0.331645 0.901486 
0.802637 0.782525 
0.747276 0.775872 
0.512925 0.559343 
0.969146 0.627338 
0.885861 0.222755 
0.938719 0.919034 
0.169317 0.617573 
0.856685 0.34434 
0.896786 0.802026 
0.0721152 0.784204 
0.140782 0.91229 
0.61449 0.336406 
0.549913 0.677297 
0.774163 0.198553 
0.824671 0.614978 
0.638264 0.685904 
0.789544 0.441755 
0.987915 0.164769 
0.71688 0.725852 
0.462539 0.183874 
0.0589312 0.316141 
0.398816 0.583544 
0.244301 0.577746 
0.248878 0.865139 
0.695181 0.965209 
0.985473 0.601245 
0.721549 0.965087 
0.399243 0.16834 
0.448469 0.938963 
0.695242 0.58272 
0.433058 0.897732 
0.294137 0.721397 
0.126804 0.739311 
0.245155 0.708853 
0.840236 0.979919 
0.156133 0.751274 
0.365429 0.511277 
0.0477615 0.199133 
0.913297 0.414106 
0.037843 0.11948 
0.521348 0.359569 
0.261757 0.159459 
0.588488 0.629994 
0.935545 0.982025 
0.692984 0.289804 
0.967864 0.0548112 
0.349925 0.538285 
0.0270699 0.0745567 
0.864528 0.775048 
0.469527 0.806726 
0.936918 0.409711 
0.0354625 0.622761 
0.175634 0.947142 
0.718833 0.516068 
0.175542 0.378887 
0.717002 0.877224 
0.315928 0.41316 
0.867122 0.810724 
0.936186 0.57326 
0.474593 0.27369 
0.0443434 0.69689 
0.940947 0.818232 
0.215186 0.866939 
0.0960723 0.218329 
0.833949 0.305033 
0.642659 0.763329 
0.342082 0.25959 
0.617389 0.497818 
0.641255 0.418806 
0.276437 0.190802 
0.311563 0.880551 
0.310953 0.31431 
0.800836 0.210181 
0.798791 0.813013 
0.240486 0.61745 
0.798914 0.946013 
0.0448622 0.783532 
0.994568 0.982543 
0.94995 0.370251 
0.291421 0.0318613 
0.647664 0.741722 
0.77752 0.78988 
0.672292 0.930235 
0.950011 0.482101 
0.69509 0.377758 
0.616382 0.786157 
0.883175 0.483749 
0.375591 0.0130924 
0.479263 0.491134 
0.0853603 0.330638 
0.258492 0.741264 
0.222144 0.307779 
0.0180059 0.829218 
0.540086 0.563616 
0.756615 0.691092 
0.934721 0.800562 
0.699423 0.1536 
0.918302 0.00375378 
0.82519 0.978484 
0.612659 0.0876186 
0.0512406 0.931669 
0.66567 0.77105 
0.733299 0.909482 
0.998169 0.962127 
0.63564 0.65273 
0.786676 0.434217 
0.0285043 0.0797143 
0.589343 0.0740989 
0.0685446 0.769799 
0.0201727 0.483596 
0.118809 0.628468 
0.878628 0.216041 
0.164312 0.265603 
0.140385 0.428694 
0.979736 0.117466 
0.715934 0.232582 
0.205115 0.844386 
0.38255 0.520737 
0.986297 0.0348521 
0.796991 0.556047 
0.335612 0.747948 
0.993774 0.100497 
0.870144 0.9241 
0.276681 0.366314 
0.0824 0.197241 
0.908719 0.570879 
0.801447 0.137761 
0.507279 0.376202 
0.998627 0.458815 
0.550554 0.994598 
0.596118 0.21662 
0.901669 0.241462 
0.433302 0.536149 
0.756523 0.316721 
0.0476089 0.89346 
0.921751 0.595996 
0.42613 0.485977 
0.828974 0.212561 
0.384167 0.721915 
0.191626 0.712027 
0.72689 0.359874 
0.710807 0.560076 
0.850673 0.330515 
0.735893 0.785241 
0.939909 0.770592 
0.28666 0.537645 
0.415815 0.301523 
0.342998 0.844935 
0.793664 0.0833155 
0.808344 0.346782 
0.604053 0.674856 
0.0533769 0.289193 
0.535356 0.232337 
0.445814 0.559709 
0.452712 0.0768761 
0.772912 0.0450148 
0.450423 0.162267 
0.962859 0.0919828 
0.59386 0.474563 
0.0110477 0.353496 
0.506912 0.894498 
0.51796 0.800287 
0.461531 0.554094 
0.744224 0.179998 
0.125278 0.218604 
0.590014 0.704886 
0.623646 0.725059 
0.404004 0.249184 
0.0727256 0.00875881 
0.0291147 0.837519 
0.239082 0.749077 
0.990509 0.705435 
0.482742 0.165166 
0.232429 0.713828 
0.639668 0.993988 
0.310526 0.397687 
0.999786 0.180425 
0.444838 0.431196 
0.0372021 0.312449 
0.340983 0.78985 
0.0485549 0.330912 
0.184759 0.391278 
0.355632 0.546251 
0.717063 0.495773 
0.228889 0.49324 
0.795007 0.647755 
0.187872 0.654714 
0.345622 0.439589 
0.834895 0.585681 
0.118473 0.878903 
0.877987 0.469039 
0.143315 0.640675 
0.499741 0.63448 
0.29902 0.98529 
0.72808 0.0709861 
0.900113 0.623951 
0.965148 0.465377 
0.707114 0.312449 
0.330546 0.796869 
0.26719 0.454939 
0.975799 0.0199286 
0.990753 0.49852 
0.0249031 0.866329 
0.870754 0.400067 
0.299051 0.297006 
0.251076 0.946867 
0.479934 0.636402 
0.54976 0.211585 
0.869381 0.919004 
0.343425 0.923795 
0.400586 0.480361 
0.719657 0.0379955 
0.0577715 0.323466 
0.302805 0.281137 
0.360149 0.291635 
0.860347 0.959014 
0.0665609 0.579424 
0.894894 0.804071 
0.757286 0.612659 
0.129582 0.145695 
0.448744 0.828761 
0.291635 0.183538 
0.897946 0.388806 
0.101352 0.645894 
0.752464 0.35258 
0.87228 0.614063 
0.202399 0.347392 
0.629017 0.794 
0.290658 0.262795 
0.148869 0.0163274 
0.537461 0.00146489 
0.833613 0.246406 
0.0357067 0.818354 
0.817286 0.885006 
0.67333 0.278695 
0.217109 0.641591 
0.638691 0.366649 
0.932798 0.761101 
0.865627 0.775384 
0.900906 0.885189 
---
0
0
0
1
0
0
0
1
1
0
1
0
1
0
1
0
1
0
1
0
1
0
0
0
1
1
0
0
0
0
0
0
1
1
0
0
0
0
0
1
1
0
0
0
0
1
0
1
1
1
0
0
1
0
0
0
0
1
1
1
0
0
0
1
1
0
1
0
1
0
0
1
1
1
0
0
1
1
0
0
0
0
1
0
0
0
0
0
1
0
0
0
0
1
1
0
1
1
1
1
0
0
0
0
0
1
0
0
0
1
0
1
1
0
1
1
1
0
0
1
1
0
1
1
0
0
0
0
1
0
0
0
1
0
0
0
0
1
0
0
0
1
0
0
1
0
0
0
0
0
0
1
0
1
1
1
1
1
0
0
0
1
0
0
1
0
0
1
1
0
0
0
0
0
1
1
0
0
1
0
1
0
0
0
0
1
0
0
0
0
1
0
1
0
0
0
0
0
1
0
1
0
1
0
0
0
0
0
0
1
1
0
0
0
0
1
0
0
0
1
1
0
0
1
0
1
0
0
0
0
0
0
1
0
1
0
0
0
1
1
1
0
1
0
1
1
1
1
0
1
1
1
0
0
1
0
0
0
0
0
0
1
0
0
0
0
1
0
0
1
1
0
0
0
0
0
0
0
0
1
0
1
0
1
0
1
1
0
1
0
0
0
0
0
1
0
0
0
0
1
1
0
1
0
0
1
1
0
0
0
1
0
0
1
1
0
1
1
1
0
0
0
1
0
0
1
1
0
0
0
0
0
1
0
1
0
0
0
0
1
1
0
0
0
0
0
0
1
0
0
0
0
0
0
1
0
1
1
0
0
1
1
0
1
0
1
0
0
1
0
0
0
0
0
1
1
0
0
1
1
1
0
0
0
1
1
1
1
0
0
0
0
0
0
1
0
0
1
0
1
0
1
0
1
0
0
0
1
1
0
0
0
0
0
1
1
0
1
1
0
0
1
0
1
0
1
1
0
0
1
0
1
0
1
0
1
0
1
0
1
1
1
1
0
0
1
0
1
0
1
0
1
0
0
1
1
0
0
1
0
0
1
1
1
0
0
1
0
0
1
0
0
1
1
0
0
0
0
0
1
0
0
1
1
1
1
0
0
0
1
0
0
0
0
0
1
0
0
0
0
0
0
0
1
1
0
0
0
0
0
0
1
0
0
1
0
1
0
0
1
0
0
0
0
1
0
1
1
1
0
0
1
0
0
1
0
0
0
1
0
1
1
0
0
0
1
0
0
1
0
0
0
0
0
0
1
0
0
0
0
0
0
0
0
1
0
0
0
1
0
0
0
1
1
1
1
0
1
1
1
0
1
0
0
0
1
1
1
1
1
0
0
0
1
0
0
0
1
1
1
